proj:       0
zone:       0
north:      11
south:      10
east:       -84
west:       -85
cols:       6
rows:       6
e-w resol:  0.16666667
n-s resol:  0.16666667
top:        1.000000000000000
bottom:     0.000000000000000
cols3:      10000
rows3:      6452
depths:     1
e-w resol3: 0.0001
n-s resol3: 0.00015499
t-b resol:  1
